79
46
91
21
26
8
41
46
71
83
69
1
50
89
85
31
70
72
26
79
86
100
56
79
9
76
86
39
17
2
3
79
71
9
2
92
12
62
99
7
97
92
44
74
24
90
69
67
31
18
12
89
9
13
15
11
12
80
13
77
76
65
61
6
61
13
80
38
55
57
13
30
85
58
50
24
36
12
69
97
68
100
98
84
60
16
93
20
62
81
4
74
35
64
26
75
61
40
89
73
52
72
70
4
48
35
16
59
30
87
36
63
27
66
43
96
54
78
48
77
36
20
10
56
19
56
81
47
64
14
54
9
36
63
51
57
34
1
96
71
44
85
35
18
84
97
4
20
78
33
80
64
23
17
81
24
97
32
34
70
14
100
43
48
21
100
65
24
29
54
39
21
22
25
23
66
90
21
69
90
94
16
39
39
39
2
12
77
54
34
91
81
53
64
49
47
54
22
71
46
7
15
27
15
48
35
50
39
67
50
97
16
26
0
50
31
42
23
29
26
38
87
92
80
30
10
69
27
69
46
47
11
97
81
58
6
84
45
47
37
78
54
93
25
93
82
26
14
85
26
33
83
10
80
60
16
61
58
90
95
81
58
23
77
25
32
37
28
31
41
22
20
97
1
73
12
47
84
72
24
85
77
43
29
34
51
53
96
99
66
23
50
95
71
58
26
75
11
83
29
17
82
28
1
48
22
27
4
21
67
76
99
8
12
83
24
18
56
63
45
0
43
83
89
76
90
48
59
79
90
7
89
1
38
90
72
65
11
57
55
85
81
22
89
40
94
13
59
32
79
25
100
83
26
95
0
36
95
42
63
79
42
8
48
34
77
97
76
65
63
82
48
83
26
39
33
19
78
21
27
65
49
22
76
84
49
0
44
42
21
78
88
40
62
5
40
27
92
15
67
14
64
71
37
28
95
64
36
46
41
28
98
77
28
55
5
78
26
48
5
67
1
1
93
30
48
45
11
74
46
90
67
8
71
12
50
69
60
12
33
2
46
60
63
48
17
56
99
41
26
28
15
4
8
43
73
23
34
1
67
79
66
27
86
73
10
80
84
93
5
87
5
4
64
85
85
68
26
8
77
1
33
22
37
67
28
97
37
11
16
61
72
12
87
5
13
33
50
39
6
74
14
2
64
44
19
33
88
64
73
2
56
75
0
53
28
78
86
22
32
27
27
72
63
22
77
84
19
53
92
76
9
91
84
4
91
70
31
28
33
48
31
58
96
52
64
41
11
68
55
88
80
83
98
23
46
55
15
90
80
37
13
56
73
76
50
1
14
6
92
79
33
72
77
39
26
70
75
56
29
40
4
13
38
61
67
38
19
75
41
81
5
31
80
56
27
20
82
39
10
48
88
17
92
31
53
98
67
61
63
19
54
85
39
30
97
52
90
48
69
65
28
99
35
13
92
24
35
14
42
35
93
29
90
73
26
100
43
52
81
29
94
4
20
91
69
2
31
25
85
23
83
97
15
63
95
50
86
57
14
51
23
27
33
45
74
9
68
73
1
29
36
98
6
9
66
1
29
84
65
67
31
27
71
39
44
20
7
4
4
82
44
7
84
38
82
86
5
83
92
54
35
24
28
95
44
51
96
74
67
95
32
30
41
72
81
97
44
19
48
32
69
40
88
60
49
53
67
36
84
18
100
95
37
30
24
92
93
82
94
25
9
90
36
21
18
25
73
76
26
10
43
23
4
27
9
85
54
67
25
67
51
44
41
31
92
99
70
1
92
20
60
92
2
62
2
70
63
13
41
41
52
58
72
51
98
93
26
57
24
0
38
14
95
80
32
59
44
14
31
88
60
63
61
90
94
4
86
96
74
78
37
77
64
17
32
3
30
65
28
7
33
42
0
47
50
16
33
67
15
97
70
7
73
74
27
75
15
24
33
61
46
81
79
45
75
19
23
57
29
99
95
2
31
1
100
90
40
18
78
47
34
59
10
5
98
33
75
62
13
23
42
46
85
48
58
63
46
4
43
84
3
89
48
83
12
100
96
78
88
89
44
64
48
8
61
74
87
57
19
77
82
38
71
16
50
13
36
41
61
4
81
55
37
14
100
17
50
42
47
84
43
33
100
27
27
82
80
1
81
74
7
15
13
57
28
84
25
79
86
13
30
40
3
35
92
56
64
66
84
42
53
44
35
97
12
0
12
69
51
96
10
74
0
5
33
52
24
89
74
2
31
67
7
51
27
92
20
98
33
41
36
57
36
100
91
4
47
47
49
28
98
21
99
84
94
51
34
37
81
10
3
10
69
62
72
65
27
62
39
6
4
45
2
31
6
51
53
9
97
49
60
94
81
15
97
82
45
90
80
18
9
93
46
20
60
19
0
83
35
23
67
10
49
89
90
92
47
3
45
43
93
48
38
98
42
79
32
11
72
5
85
86
52
68
40
1
39
42
86
92
32
92
74
54
93
85
88
87
79
54
54
6
23
71
39
0
26
46
53
96
12
34
97
49
6
77
79
60
73
33
36
65
28
30
82
51
66
38
16
53
47
84
51
75
57
39
19
62
57
75
53
63
95
19
63
10
9
95
75
99
22
19
40
65
3
90
48
54
24
66
72
56
27
67
69
30
81
77
60
4
20
2
64
3
2
12
34
51
55
36
64
5
19
52
79
74
4
90
32
77
2
16
32
35
59
78
54
13
23
74
74
42
35
23
25
59
93
71
18
37
99
79
22
9
5
95
85
95
15
79
30
7
67
70
63
99
37
4
63
3
3
57
45
47
89
0
53
32
77
40
88
77
50
27
56
50
4
71
3
93
20
52
61
44
68
97
76
47
91
81
18
86
91
75
59
13
48
17
26
66
3
39
90
77
18
71
91
48
36
57
61
48
93
83
54
78
28
29
19
27
24
18
9
29
62
75
65
85
51
20
92
80
55
0
77
4
26
55
92
0
33
98
10
81
64
64
74
94
97
54
29
8
56
14
44
66
18
88
90
63
77
83
88
39
53
69
97
51
18
47
27
43
36
19
76
14
94
53
31
42
88
30
86
45
17
0
0
58
30
1
93
78
42
67
60
35
47
45
66
3
16
